Rk,Player,Pos,Age,Tm,G,GS,MP,FG,FGA,FG%,3P,3PA,3P%,2P,2PA,2P%,eFG%,FT,FTA,FT%,ORB,DRB,TRB,AST,STL,BLK,TOV,PF,PTS
1,Tariq Abdul-Wahad\abdulta01,SG,24,SAC,5,5,99,15,33,.455,0,1,.000,15,32,.469,.455,13,16,.813,6,13,19,4,4,4,3,8,43
2,Ray Allen\allenra02,SG,23,MIL,3,3,120,25,47,.532,9,19,.474,16,28,.571,.628,8,13,.615,8,14,22,13,3,1,11,9,67
3,Nick Anderson\anderni01,SF,31,ORL,4,4,152,29,79,.367,11,42,.262,18,37,.486,.437,14,19,.737,7,20,27,9,9,0,10,12,83
4,Shandon Anderson\andersh01,SG,25,UTA,11,0,297,37,77,.481,6,14,.429,31,63,.492,.519,24,34,.706,8,33,41,13,6,3,14,34,104
5,Greg Anthony\anthogr01,PG,31,POR,13,0,225,18,55,.327,8,31,.258,10,24,.417,.400,23,34,.676,4,10,14,32,13,1,9,25,67
6,B.J. Armstrong\armstbj01,PG,31,ORL,2,0,3,0,1,.000,0,0,,0,1,.000,.000,0,0,,0,0,0,1,0,0,1,1,0
7,Darrell Armstrong\armstda01,PG,30,ORL,4,4,163,17,46,.370,9,24,.375,8,22,.364,.467,16,16,1.000,6,14,20,25,9,0,25,16,59
8,Keith Askins\askinke01,SF,31,MIA,4,0,27,0,4,.000,0,3,.000,0,1,.000,.000,0,0,,2,2,4,0,2,1,0,5,0
9,Stacey Augmon\augmost01,SF,30,POR,13,0,176,10,28,.357,0,1,.000,10,27,.370,.357,15,18,.833,10,23,33,5,8,3,3,15,35
10,Isaac Austin\austiis01,C,29,ORL,4,4,112,9,23,.391,0,2,.000,9,21,.429,.391,8,12,.667,7,9,16,8,4,3,8,14,26
11,Thurl Bailey\baileth01,PF,37,UTA,11,0,115,17,33,.515,0,0,,17,33,.515,.515,3,4,.750,5,10,15,2,3,6,8,19,37
12,Charles Barkley*\barklch01,PF,35,HOU,4,4,157,36,68,.529,2,7,.286,34,61,.557,.544,20,30,.667,13,42,55,15,6,2,8,12,94
13,Jon Barry\barryjo01,SG,29,SAC,5,0,112,12,34,.353,5,19,.263,7,15,.467,.426,11,12,.917,3,7,10,9,6,1,9,9,40
14,Travis Best\besttr01,PG,26,IND,11,0,150,16,46,.348,2,10,.200,14,36,.389,.370,12,13,.923,7,10,17,21,4,1,14,34,46
15,Mookie Blaylock\blaylmo01,PG,31,ATL,9,9,358,44,135,.326,18,51,.353,26,84,.310,.393,7,15,.467,6,30,36,36,18,2,30,11,113
16,Terrell Brandon\brandte01,PG,28,MIN,4,4,161,31,69,.449,3,5,.600,28,64,.438,.471,12,13,.923,2,28,30,28,9,2,14,11,77
17,Gerald Brown\brownge02,SG,23,PHO,1,0,1,1,1,1.000,0,0,,1,1,1.000,1.000,0,0,,0,0,0,0,0,0,0,0,2
18,P.J. Brown\brownpj01,PF,29,MIA,5,5,144,21,45,.467,0,1,.000,21,44,.477,.467,9,10,.900,14,17,31,5,2,2,3,17,51
19,Rick Brunson\brunsri01,PG,26,NYK,9,0,18,2,5,.400,0,0,,2,5,.400,.400,2,2,1.000,1,0,1,2,0,0,4,3,6
20,Kobe Bryant\bryanko01,SG,20,LAL,8,8,315,61,142,.430,8,23,.348,53,119,.445,.458,28,35,.800,13,42,55,37,15,10,31,24,158
21,Jud Buechler\buechju01,SF,30,DET,5,0,84,3,15,.200,2,8,.250,1,7,.143,.267,0,0,,4,9,13,3,3,1,3,6,8
22,Matt Bullard\bullama01,PF,31,HOU,2,0,8,2,2,1.000,1,1,1.000,1,1,1.000,1.250,2,2,1.000,0,0,0,1,0,0,0,0,7
23,Marcus Camby\cambyma01,C,24,NYK,20,3,509,81,143,.566,0,1,.000,81,142,.570,.566,45,73,.616,51,102,153,6,24,38,15,76,207
24,Antoine Carr\carran01,PF,37,HOU,4,0,37,4,11,.364,0,0,,4,11,.364,.364,0,0,,3,4,7,4,0,1,4,19,8
25,Sam Cassell\cassesa01,PG,29,MIL,3,3,102,16,32,.500,0,1,.000,16,31,.516,.500,14,16,.875,0,6,6,26,3,0,7,14,46
26,Kelvin Cato\catoke01,C,24,POR,8,0,43,1,9,.111,0,0,,1,9,.111,.111,4,10,.400,6,1,7,2,1,1,2,13,6
27,Duane Causwell\causwdu01,C,30,MIA,4,0,20,1,2,.500,0,0,,1,2,.500,.500,4,6,.667,0,2,2,1,1,0,0,2,6
28,Rex Chapman\chapmre01,SG,31,PHO,3,3,57,6,21,.286,2,6,.333,4,15,.267,.333,3,4,.750,2,4,6,6,1,0,4,9,17
29,Chris Childs\childch01,PG,31,NYK,20,0,494,33,93,.355,9,28,.321,24,65,.369,.403,19,26,.731,8,39,47,73,13,1,30,64,94
30,Tyrone Corbin\corbity01,SF,36,ATL,9,4,268,30,72,.417,6,23,.261,24,49,.490,.458,3,4,.750,7,26,33,16,6,0,8,20,69
31,Chris Crawford\crawfch01,PF,23,ATL,6,5,125,16,48,.333,4,14,.286,12,34,.353,.375,23,26,.885,6,13,19,5,1,1,6,19,59
32,Austin Croshere\croshau01,PF,23,IND,1,0,1,0,1,.000,0,0,,0,1,.000,.000,2,2,1.000,1,0,1,0,0,0,0,0,2
33,Dell Curry\curryde01,SG,34,MIL,3,0,49,2,15,.133,1,8,.125,1,7,.143,.167,4,4,1.000,0,4,4,1,3,0,0,5,9
34,Michael Curry\currymi01,SF,30,MIL,3,0,59,7,12,.583,0,1,.000,7,11,.636,.583,6,6,1.000,1,3,4,3,2,1,2,8,20
35,Antonio Daniels\daniean01,PG,23,SAS,15,0,106,9,21,.429,4,6,.667,5,15,.333,.524,5,6,.833,1,9,10,16,4,0,10,7,27
36,Antonio Davis\davisan01,PF,30,IND,13,0,326,31,75,.413,0,0,,31,75,.413,.413,41,62,.661,23,69,92,8,5,14,20,39,103
37,Dale Davis\davisda01,PF,29,IND,13,13,394,45,77,.584,0,0,,45,77,.584,.584,28,50,.560,45,87,132,11,10,18,21,42,118
38,Bison Dele\delebi01,C,29,DET,5,5,122,24,40,.600,0,0,,24,40,.600,.600,5,9,.556,12,20,32,1,3,2,7,25,53
39,Michael Dickerson\dickemi01,SG,23,HOU,4,4,82,6,22,.273,3,8,.375,3,14,.214,.341,2,4,.500,2,2,4,3,2,3,2,8,17
40,Vlade Divac\divacvl01,C,30,SAC,5,5,198,25,56,.446,1,5,.200,24,51,.471,.455,30,36,.833,9,41,50,23,8,4,19,17,81
41,Michael Doleac\doleami01,C,21,ORL,4,0,43,5,18,.278,0,1,.000,5,17,.294,.278,7,9,.778,5,7,12,0,0,1,3,6,17
42,Bryce Drew\drewbr01,PG,24,HOU,1,0,4,1,1,1.000,0,0,,1,1,1.000,1.000,0,2,.000,1,2,3,2,0,0,0,1,2
43,Chris Dudley\dudlech02,C,33,NYK,18,6,294,16,38,.421,0,0,,16,38,.421,.421,11,28,.393,27,55,82,5,9,8,9,63,43
44,Joe Dumars*\dumarjo01,SG,35,DET,5,5,153,19,39,.487,10,19,.526,9,20,.450,.615,3,3,1.000,1,6,7,13,2,0,9,9,51
45,Tim Duncan\duncati01,PF,22,SAS,17,17,733,144,282,.511,0,3,.000,144,279,.516,.511,107,143,.748,55,140,195,48,13,45,52,50,395
46,Howard Eisley\eisleho01,PG,26,UTA,11,0,241,26,71,.366,5,24,.208,21,47,.447,.401,24,29,.828,3,17,20,32,7,3,20,27,81
47,Mario Elie\eliema01,SG,35,SAS,17,17,526,43,112,.384,8,30,.267,35,82,.427,.420,41,49,.837,9,50,59,50,22,2,25,42,135
48,Sean Elliott\elliose01,SF,30,SAS,17,17,574,68,153,.444,22,55,.400,46,98,.469,.516,45,59,.763,11,47,58,45,9,4,21,50,203
49,Patrick Ewing*\ewingpa01,C,36,NYK,11,11,347,58,135,.430,0,0,,58,135,.430,.430,28,36,.778,14,82,96,6,7,8,10,35,144
50,Derek Fisher\fishede01,PG,24,LAL,8,8,238,28,67,.418,10,29,.345,18,38,.474,.493,12,15,.800,6,23,29,39,8,0,11,20,78
51,Greg Foster\fostegr01,PF,30,UTA,8,0,70,8,19,.421,0,0,,8,19,.421,.421,0,0,,1,7,8,1,1,0,3,11,16
52,Rick Fox\foxri01,SF,29,LAL,8,1,181,24,60,.400,4,21,.190,20,39,.513,.433,1,1,1.000,9,13,22,12,4,5,14,26,53
53,Todd Fuller\fulleto02,C,24,UTA,10,0,105,10,26,.385,0,0,,10,26,.385,.385,6,10,.600,8,20,28,0,0,2,5,21,26
54,Lawrence Funderburke\fundela01,PF,28,SAC,3,0,31,5,12,.417,0,0,,5,12,.417,.417,0,0,,2,2,4,1,3,0,3,3,10
55,Kevin Garnett\garneke01,PF,22,MIN,4,4,170,35,79,.443,0,2,.000,35,77,.455,.443,17,23,.739,16,32,48,15,7,8,13,10,87
56,Dean Garrett\garrede01,C,32,MIN,4,3,92,10,18,.556,0,0,,10,18,.556,.556,2,5,.400,9,7,16,5,2,3,2,16,22
57,Pat Garrity\garripa01,PF,22,PHO,3,0,52,9,17,.529,3,3,1.000,6,14,.429,.618,6,6,1.000,6,3,9,1,1,1,3,9,27
58,Chris Gatling\gatlich01,C,31,MIL,2,0,12,0,2,.000,0,0,,0,2,.000,.000,0,2,.000,1,2,3,0,1,0,2,3,0
59,Matt Geiger\geigema01,C,29,PHI,8,8,239,42,96,.438,0,1,.000,42,95,.442,.438,24,29,.828,23,38,61,6,9,6,13,29,108
60,Armen Gilliam\gilliar01,PF,34,MIL,3,0,35,6,15,.400,0,0,,6,15,.400,.400,5,5,1.000,0,5,5,1,2,1,1,4,17
61,Brian Grant\grantbr01,PF,26,POR,13,13,482,63,119,.529,0,0,,63,119,.529,.529,45,72,.625,34,85,119,14,10,16,21,48,171
62,Harvey Grant\grantha01,PF,33,PHI,4,0,29,1,1,1.000,0,0,,1,1,1.000,1.000,0,0,,1,3,4,0,0,1,0,1,2
63,Horace Grant\grantho01,PF,33,ORL,4,4,128,11,30,.367,0,0,,11,30,.367,.367,5,8,.625,14,14,28,5,2,2,2,12,27
64,Ed Gray\grayed01,SG,23,ATL,8,0,71,15,41,.366,4,11,.364,11,30,.367,.415,10,11,.909,2,7,9,4,6,1,2,11,44
65,Tom Gugliotta\guglito01,PF,29,PHO,3,3,118,13,35,.371,0,0,,13,35,.371,.371,6,8,.750,6,19,25,10,4,3,8,10,32
66,Tom Hammonds\hammoto01,PF,31,MIN,4,0,18,0,0,,0,0,,0,0,,,4,4,1.000,0,2,2,0,0,0,1,4,4
67,Anfernee Hardaway\hardaan01,SG,27,ORL,4,4,167,20,57,.351,6,13,.462,14,44,.318,.404,30,39,.769,9,11,20,22,9,1,12,13,76
68,Tim Hardaway\hardati01,PG,32,MIA,5,5,182,15,56,.268,5,25,.200,10,31,.323,.313,10,16,.625,3,11,14,32,5,1,18,14,45
69,Derek Harper\harpede01,PG,37,LAL,7,0,113,13,31,.419,1,10,.100,12,21,.571,.435,3,6,.500,1,9,10,15,2,0,4,2,30
70,Matt Harpring\harprma01,SF,22,ORL,4,0,82,12,26,.462,1,5,.200,11,21,.524,.481,8,11,.727,7,13,20,7,1,0,5,9,33
71,Othella Harrington\harriot01,PF,25,HOU,4,0,42,9,14,.643,0,0,,9,14,.643,.643,4,6,.667,5,9,14,1,0,1,3,2,22
72,Michael Hawkins\hawkimi01,PG,26,SAC,2,0,10,0,1,.000,0,1,.000,0,0,,.000,2,2,1.000,0,0,0,0,0,0,0,1,2
73,Alan Henderson\hendeal01,SF,26,ATL,1,0,4,0,0,,0,0,,0,0,,,0,0,,0,0,0,0,0,0,0,1,0
74,Grant Hill\hillgr01,SF,26,DET,5,5,176,42,92,.457,0,1,.000,42,91,.462,.457,13,16,.813,7,29,36,37,10,2,12,12,97
75,Tyrone Hill\hillty01,PF,30,PHI,8,1,196,19,39,.487,0,0,,19,39,.487,.487,7,19,.368,19,40,59,0,3,2,6,33,45
76,Fred Hoiberg\hoibefr01,SG,26,IND,4,0,20,2,4,.500,0,0,,2,4,.500,.500,0,0,,0,3,3,2,3,0,0,1,4
77,Jerald Honeycutt\honeyje01,PF,24,PHI,6,0,12,1,5,.200,0,3,.000,1,2,.500,.200,0,0,,1,0,1,0,0,0,1,3,2
78,Jeff Hornacek\hornaje01,SG,35,UTA,11,11,304,49,106,.462,7,18,.389,42,88,.477,.495,29,33,.879,9,32,41,26,11,0,12,34,134
79,Robert Horry\horryro01,PF,28,LAL,8,0,177,12,26,.462,5,12,.417,7,14,.500,.558,11,14,.786,10,26,36,11,6,6,7,29,40
80,Allan Houston\houstal01,SG,27,NYK,20,20,783,135,305,.443,9,36,.250,126,269,.468,.457,91,103,.883,6,48,54,51,8,1,50,40,370
81,Larry Hughes\hughela01,PG,20,PHI,8,2,198,31,77,.403,0,7,.000,31,70,.443,.403,20,24,.833,17,20,37,16,15,9,12,21,82
82,Lindsey Hunter\hunteli01,PG,28,DET,5,5,180,14,53,.264,3,11,.273,11,42,.262,.292,5,5,1.000,5,10,15,12,7,0,7,11,36
83,Allen Iverson*\iversal01,SG,23,PHI,8,8,358,88,214,.411,15,53,.283,73,161,.453,.446,37,52,.712,14,19,33,39,20,2,24,19,228
84,Bobby Jackson\jacksbo01,PG,25,MIN,4,0,27,2,10,.200,0,3,.000,2,7,.286,.200,0,0,,1,3,4,2,0,0,1,3,4
85,Jaren Jackson\jacksja01,SG,31,SAS,17,0,345,50,131,.382,31,86,.360,19,45,.422,.500,9,13,.692,6,35,41,18,13,0,20,33,140
86,Jim Jackson\jacksji01,SG,28,POR,13,0,265,26,72,.361,5,18,.278,21,54,.389,.396,38,42,.905,8,22,30,19,7,1,18,26,95
87,Mark Jackson\jacksma01,PG,33,IND,13,13,451,51,103,.495,14,34,.412,37,69,.536,.563,30,42,.714,14,45,59,112,14,1,35,32,146
88,Jerome James\jamesje01,C,23,SAC,1,0,4,1,2,.500,0,0,,1,2,.500,.500,3,4,.750,1,1,2,0,0,0,1,1,5
89,Anthony Johnson\johnsan02,PG,24,ATL,9,0,111,8,29,.276,1,2,.500,7,27,.259,.293,7,10,.700,3,6,9,10,1,1,5,9,24
90,Avery Johnson\johnsav01,PG,33,SAS,17,17,653,91,187,.487,1,3,.333,90,184,.489,.489,32,47,.681,9,33,42,126,20,1,50,30,215
91,Ervin Johnson\johnser02,C,31,MIL,3,2,92,6,13,.462,0,0,,6,13,.462,.462,1,2,.500,8,10,18,1,2,5,0,9,13
92,Larry Johnson\johnsla02,PF,29,NYK,20,20,683,87,204,.426,24,82,.293,63,122,.516,.485,31,46,.674,22,75,97,31,21,1,33,64,229
93,Adam Keefe\keefead01,PF,28,UTA,10,0,101,18,30,.600,0,0,,18,30,.600,.600,5,5,1.000,7,17,24,3,4,3,8,17,41
94,Steve Kerr\kerrst01,PG,33,SAS,11,0,97,8,30,.267,3,13,.231,5,17,.294,.317,5,6,.833,3,6,9,8,2,0,4,5,24
95,Jerome Kersey\kerseje01,SF,36,SAS,14,0,152,15,43,.349,1,4,.250,14,39,.359,.360,5,7,.714,10,20,30,4,6,1,6,19,36
96,Jason Kidd\kiddja01,PG,25,PHO,3,3,126,18,43,.419,4,16,.250,14,27,.519,.465,5,7,.714,1,6,7,31,5,1,9,12,45
97,Gerard King\kingge02,SF,26,SAS,8,0,14,2,4,.500,0,0,,2,4,.500,.500,0,0,,0,4,4,1,0,1,1,2,4
98,Joe Kleine\kleinjo01,C,37,PHO,1,0,5,1,2,.500,0,0,,1,2,.500,.500,0,0,,0,1,1,0,1,1,0,1,2
99,Travis Knight\knightr01,C,24,LAL,3,0,10,1,3,.333,0,0,,1,3,.333,.333,1,2,.500,0,5,5,1,0,0,3,7,3
100,Christian Laettner\laettch01,PF,29,DET,5,0,123,20,47,.426,0,0,,20,47,.426,.426,11,14,.786,6,8,14,11,4,1,3,14,51
101,Voshon Lenard\lenarvo01,SG,25,MIA,4,0,57,12,22,.545,9,14,.643,3,8,.375,.750,4,4,1.000,0,1,1,3,0,1,1,4,37
102,Randy Livingston\livinra01,PG,23,PHO,3,0,24,6,15,.400,0,1,.000,6,14,.429,.400,4,4,1.000,5,2,7,2,1,0,2,6,16
103,Grant Long\longgr01,PF,32,ATL,9,9,358,36,88,.409,1,4,.250,35,84,.417,.415,32,44,.727,28,46,74,8,18,4,23,27,105
104,Luc Longley\longllu01,C,30,PHO,3,2,51,2,12,.167,0,0,,2,12,.167,.167,0,0,,2,7,9,1,3,0,2,2,4
105,Tyronn Lue\luety01,PG,21,LAL,3,0,33,7,17,.412,0,2,.000,7,15,.467,.412,0,0,,0,2,2,6,2,0,4,4,14
106,George Lynch\lynchge01,SF,28,PHI,8,6,249,29,65,.446,2,6,.333,27,59,.458,.462,12,17,.706,28,25,53,16,18,2,13,30,72
107,Sam Mack\macksa01,SF,28,HOU,4,0,123,13,38,.342,10,26,.385,3,12,.250,.474,14,17,.824,1,8,9,7,4,0,5,11,50
108,Rick Mahorn\mahorri01,PF,40,PHI,5,0,29,2,6,.333,0,0,,2,6,.333,.333,1,2,.500,2,6,8,1,1,0,1,6,5
109,Dan Majerle\majerda01,SG,33,MIA,5,5,152,5,26,.192,5,22,.227,0,4,.000,.288,5,7,.714,3,26,29,6,5,2,3,15,20
110,Karl Malone*\malonka01,PF,35,UTA,11,11,451,86,206,.417,0,1,.000,86,205,.420,.417,68,86,.791,36,88,124,52,13,8,40,37,240
111,Danny Manning\mannida01,PF,32,PHO,3,1,79,14,24,.583,0,0,,14,24,.583,.583,10,13,.769,0,5,5,6,4,0,3,12,38
112,Jamal Mashburn\mashbja01,SF,26,MIA,5,5,152,19,49,.388,6,14,.429,13,35,.371,.449,6,9,.667,4,9,13,10,2,0,10,11,50
113,Vernon Maxwell\maxweve01,SG,33,SAC,5,0,129,19,60,.317,11,35,.314,8,25,.320,.408,7,10,.700,4,7,11,5,6,0,6,12,56
114,George McCloud\mccloge01,SF,31,PHO,3,0,80,13,30,.433,9,20,.450,4,10,.400,.583,7,10,.700,2,11,13,2,5,0,3,13,42
115,Derrick McKey\mckeyde01,SF,32,IND,13,0,245,15,40,.375,0,4,.000,15,36,.417,.375,17,26,.654,17,26,43,19,12,4,11,39,47
116,Aaron McKie\mckieaa01,SG,26,PHI,6,0,97,7,23,.304,0,1,.000,7,22,.318,.304,6,7,.857,4,11,15,11,4,0,1,17,20
117,Roshown McLeod\mcleoro01,SF,23,ATL,6,0,49,11,21,.524,0,0,,11,21,.524,.524,4,4,1.000,1,2,3,1,1,1,1,3,26
118,Reggie Miller*\millere01,SG,33,IND,13,13,481,79,199,.397,28,84,.333,51,115,.443,.467,77,86,.895,13,38,51,34,9,3,21,26,263
119,Sam Mitchell\mitchsa01,SF,35,MIN,4,1,131,15,40,.375,1,6,.167,14,34,.412,.388,9,12,.750,5,9,14,6,1,2,8,13,40
120,Cuttino Mobley\moblecu01,PG,23,HOU,4,4,94,7,15,.467,4,7,.571,3,8,.375,.600,10,11,.909,0,4,4,11,2,0,5,11,28
121,Nazr Mohammed\mohamna01,C,21,PHI,3,0,3,0,0,,0,0,,0,0,,,0,0,,0,0,0,0,0,0,0,0,0
122,Eric Montross\montrer01,C,27,DET,5,0,70,3,6,.500,0,0,,3,6,.500,.500,1,2,.500,3,10,13,0,0,2,0,15,7
123,Chris Morris\morrich01,SF,33,PHO,1,0,10,2,2,1.000,1,1,1.000,1,1,1.000,1.250,0,2,.000,0,1,1,0,0,0,0,1,5
124,Alonzo Mourning*\mournal01,C,28,MIA,5,5,194,38,73,.521,0,0,,38,73,.521,.521,32,49,.653,7,34,41,4,8,14,12,19,108
125,Chris Mullin*\mullich01,SF,35,IND,13,13,283,41,100,.410,22,55,.400,19,45,.422,.520,20,23,.870,2,18,20,15,10,3,20,21,124
126,Dikembe Mutombo*\mutomdi01,C,32,ATL,9,9,380,40,71,.563,0,0,,40,71,.563,.563,33,47,.702,36,89,125,11,5,23,18,28,113
127,Rasho Nesterovic\nestera01,C,22,MIN,3,0,29,4,8,.500,0,0,,4,8,.500,.500,0,0,,4,3,7,3,0,0,1,4,8
128,Charles O'Bannon\obannch01,SG,23,DET,4,0,9,2,3,.667,0,0,,2,3,.667,.667,0,0,,1,0,1,1,0,0,3,0,4
129,Jermaine O'Neal\onealje01,PF,20,POR,9,0,55,4,10,.400,0,0,,4,10,.400,.400,6,12,.500,8,9,17,1,0,3,2,11,14
130,Shaquille O'Neal*\onealsh01,C,26,LAL,8,8,315,79,155,.510,0,0,,79,155,.510,.510,55,118,.466,44,49,93,18,7,23,18,29,213
131,Hakeem Olajuwon*\olajuha01,C,36,HOU,4,4,123,23,54,.426,0,0,,23,54,.426,.426,7,8,.875,5,24,29,2,5,3,5,18,53
132,Greg Ostertag\ostergr01,C,25,UTA,11,11,261,13,35,.371,0,0,,13,35,.371,.371,18,28,.643,18,47,65,6,2,24,8,27,44
133,Bo Outlaw\outlabo01,PF,27,ORL,4,0,83,6,10,.600,0,0,,6,10,.600,.600,6,13,.462,3,12,15,2,1,8,6,9,18
134,Andrae Patterson\pattean01,PF,23,MIN,2,0,7,0,0,,0,0,,0,0,,,0,0,,1,3,4,2,0,0,1,1,0
135,Ruben Patterson\patteru01,SF,23,LAL,3,0,5,0,1,.000,0,0,,0,1,.000,.000,0,0,,0,0,0,0,0,0,1,0,0
136,Anthony Peeler\peelean01,SG,29,MIN,4,4,125,11,35,.314,5,13,.385,6,22,.273,.386,0,0,,7,9,16,6,4,0,4,12,27
137,Will Perdue\perduwi01,C,33,SAS,12,0,86,6,11,.545,0,0,,6,11,.545,.545,1,2,.500,9,19,28,0,0,1,3,19,13
138,Sam Perkins\perkisa01,PF,37,IND,13,0,146,18,35,.514,11,24,.458,7,11,.636,.671,6,9,.667,2,23,25,6,0,3,7,13,53
139,Scottie Pippen*\pippesc01,SF,33,HOU,4,4,172,23,70,.329,6,22,.273,17,48,.354,.371,21,26,.808,20,27,47,22,7,3,13,12,73
140,Scot Pollard\pollasc01,C,23,SAC,5,0,74,6,9,.667,0,0,,6,9,.667,.667,3,5,.600,5,6,11,1,4,6,2,13,15
141,Terry Porter\portete01,PG,35,MIA,5,0,139,15,32,.469,3,12,.250,12,20,.600,.516,12,15,.800,3,16,19,15,3,0,8,8,45
142,Brent Price\pricebr01,PG,30,HOU,4,0,98,11,24,.458,5,14,.357,6,10,.600,.563,6,6,1.000,3,5,8,14,4,1,6,5,33
143,Theo Ratliff\ratlith01,PF,25,PHI,7,7,204,20,43,.465,0,0,,20,43,.465,.465,11,19,.579,23,28,51,6,5,18,7,19,51
144,Don Reid\reiddo01,PF,25,DET,4,0,21,2,3,.667,0,0,,2,3,.667,.667,0,0,,2,2,4,1,0,0,0,2,4
145,J.R. Reid\reidjr01,PF,30,LAL,8,8,178,10,28,.357,0,0,,10,28,.357,.357,6,8,.750,9,33,42,3,4,5,2,33,26
146,Glen Rice\ricegl01,SF,31,LAL,7,7,307,45,101,.446,10,28,.357,35,73,.479,.495,28,29,.966,4,23,27,11,5,1,9,15,128
147,Isaiah Rider\rideris01,SG,27,POR,13,13,426,70,163,.429,11,26,.423,59,137,.431,.463,63,71,.887,17,33,50,31,11,0,33,30,214
148,Stanley Roberts\roberst01,C,28,HOU,3,0,20,0,6,.000,0,0,,0,6,.000,.000,1,2,.500,0,3,3,0,0,4,0,5,1
149,Clifford Robinson\robincl02,SF,32,PHO,3,3,117,19,40,.475,2,9,.222,17,31,.548,.500,7,11,.636,7,9,16,8,6,1,7,12,47
150,David Robinson*\robinda01,C,33,SAS,17,17,600,87,180,.483,0,0,,87,180,.483,.483,91,126,.722,36,132,168,43,28,40,40,61,265
151,Glenn Robinson\robingl01,SF,26,MIL,3,3,118,21,51,.412,4,8,.500,17,43,.395,.451,16,18,.889,4,21,25,5,3,2,10,5,62
152,James Robinson\robinja02,PG,28,MIN,4,0,10,1,4,.250,1,3,.333,0,1,.000,.375,0,0,,0,1,1,0,0,0,3,3,3
153,Sean Rooks\rooksse01,C,29,LAL,7,0,48,2,6,.333,0,0,,2,6,.333,.333,5,6,.833,1,1,2,3,0,1,1,13,9
154,Jalen Rose\roseja01,SF,26,IND,13,0,355,61,138,.442,8,23,.348,53,115,.461,.471,28,34,.824,11,20,31,32,13,5,25,39,158
155,Malik Rose\rosema01,PF,24,SAS,17,0,194,14,38,.368,0,0,,14,38,.368,.368,18,26,.692,17,22,39,3,7,4,10,52,46
156,Bryon Russell\russebr01,SF,28,UTA,11,11,387,49,115,.426,9,36,.250,40,79,.506,.465,26,36,.722,17,50,67,13,20,2,11,37,133
157,Arvydas Sabonis*\sabonar01,C,34,POR,13,13,392,45,113,.398,1,5,.200,44,108,.407,.403,39,43,.907,12,102,114,29,15,15,19,35,130
158,Danny Schayes\schayda01,C,39,ORL,1,0,8,0,1,.000,0,0,,0,1,.000,.000,0,0,,0,0,0,0,0,0,0,0,0
159,Malik Sealy\sealyma01,SF,28,MIN,4,0,70,8,23,.348,0,0,,8,23,.348,.348,4,5,.800,2,4,6,3,1,1,2,4,20
160,Jeffrey Sheppard\sheppje01,SG,24,ATL,4,0,12,0,3,.000,0,0,,0,3,.000,.000,0,0,,2,0,2,2,1,0,0,0,0
161,Joe Smith\smithjo02,C,23,MIN,4,4,120,11,37,.297,0,0,,11,37,.297,.297,8,11,.727,10,16,26,5,2,8,5,15,30
162,Steve Smith\smithst01,SG,29,ATL,9,9,356,54,153,.353,9,33,.273,45,120,.375,.382,39,43,.907,14,17,31,30,14,2,21,32,156
163,Rik Smits\smitsri01,C,32,IND,13,13,293,67,147,.456,0,0,,67,147,.456,.456,19,20,.950,16,49,65,9,6,15,25,51,153
164,Eric Snow\snower01,PG,25,PHI,8,8,306,37,88,.420,3,13,.231,34,75,.453,.438,22,27,.815,3,30,33,57,8,1,25,26,99
165,Latrell Sprewell\sprewla01,SF,28,NYK,20,8,743,145,346,.419,4,25,.160,141,321,.439,.425,113,133,.850,24,72,96,43,19,6,58,40,407
166,Jerry Stackhouse\stackje01,SG,24,DET,5,0,124,18,46,.391,2,8,.250,16,38,.421,.413,12,14,.857,3,5,8,6,2,1,10,11,50
167,John Stockton*\stockjo01,PG,36,UTA,11,11,352,42,105,.400,4,12,.333,38,93,.409,.419,34,46,.739,11,25,36,92,18,1,31,32,122
168,Peja Stojakovic\stojape01,SF,21,SAC,5,0,108,9,26,.346,3,14,.214,6,12,.500,.404,3,3,1.000,12,7,19,2,3,0,6,7,24
169,Damon Stoudamire\stoudda01,PG,25,POR,13,13,403,49,129,.380,10,22,.455,39,107,.364,.419,24,34,.706,7,34,41,73,8,1,38,31,132
170,Mark Strickland\stricma01,PF,28,MIA,2,0,8,1,2,.500,0,0,,1,2,.500,.500,2,2,1.000,1,2,3,0,1,0,1,0,4
171,Derek Strong\stronde01,PF,30,ORL,1,0,16,1,2,.500,0,0,,1,2,.500,.500,2,2,1.000,0,0,0,0,1,0,1,2,4
172,Kurt Thomas\thomaku01,PF,26,NYK,20,12,419,45,118,.381,0,0,,45,118,.381,.381,16,23,.696,38,72,110,7,15,12,19,76,106
173,Tim Thomas\thomati01,SF,21,MIL,3,3,60,8,18,.444,0,2,.000,8,16,.500,.444,7,12,.583,4,8,12,1,1,1,5,11,23
174,Robert Traylor\traylro01,C,21,MIL,3,1,45,7,9,.778,0,0,,7,9,.778,.778,2,4,.500,6,6,12,2,2,4,4,15,16
175,Jacque Vaughn\vaughja01,PG,23,UTA,2,0,6,1,2,.500,1,1,1.000,0,1,.000,.750,0,0,,0,0,0,2,0,0,0,2,3
176,Loy Vaught\vaughlo01,PF,30,DET,2,0,15,2,4,.500,0,0,,2,4,.500,.500,0,0,,0,1,1,0,1,0,0,1,4
177,Rasheed Wallace\wallara01,PF,24,POR,13,13,468,75,146,.514,1,9,.111,74,137,.540,.517,42,58,.724,17,46,63,20,20,11,16,50,193
178,Rex Walters\waltere01,SG,28,MIA,3,0,13,0,3,.000,0,2,.000,0,1,.000,.000,0,0,,0,0,0,4,0,0,0,0,0
179,Charlie Ward\wardch01,PG,28,NYK,20,20,494,34,93,.366,18,56,.321,16,37,.432,.462,6,8,.750,12,34,46,75,35,3,24,45,92
180,Clarence Weatherspoon\weathcl01,SF,28,MIA,5,0,112,9,26,.346,0,0,,9,26,.346,.346,11,17,.647,4,17,21,2,7,1,3,8,29
181,Chris Webber\webbech01,PF,25,SAC,5,5,192,31,80,.388,2,7,.286,29,73,.397,.400,10,25,.400,13,34,47,20,9,5,20,20,74
182,Mark West\westma01,C,38,ATL,9,0,68,3,10,.300,0,0,,3,10,.300,.300,2,4,.500,3,6,9,2,2,1,6,14,8
183,Dominique Wilkins*\wilkido01,SF,39,ORL,1,0,3,1,2,.500,0,0,,1,2,.500,.500,0,0,,0,0,0,0,0,0,0,0,2
184,Herb Williams\willihe01,C,40,NYK,8,0,16,1,5,.200,0,0,,1,5,.200,.200,0,0,,0,3,3,0,0,0,0,3,2
185,Jason Williams\willija02,PG,23,SAC,5,5,163,16,45,.356,9,29,.310,7,16,.438,.456,9,9,1.000,2,16,18,20,8,1,13,15,50
186,Jerome Williams\willije01,PF,25,DET,5,5,123,12,27,.444,0,0,,12,27,.444,.444,7,9,.778,12,20,32,4,4,0,4,7,31
187,Walt Williams\williwa02,SF,28,POR,13,0,185,21,58,.362,13,32,.406,8,26,.308,.474,8,14,.571,5,11,16,11,7,3,11,27,63
188,Corliss Williamson\willico02,SF,25,SAC,5,5,130,23,40,.575,0,0,,23,40,.575,.575,7,10,.700,7,9,16,6,2,1,6,13,53
189,Haywoode Workman\workmha01,PG,33,MIL,3,0,53,4,11,.364,0,3,.000,4,8,.500,.364,5,6,.833,1,2,3,7,3,0,7,7,13