Rk,Player,Pos,Age,Tm,G,GS,MP,FG,FGA,FG%,3P,3PA,3P%,2P,2PA,2P%,eFG%,FT,FTA,FT%,ORB,DRB,TRB,AST,STL,BLK,TOV,PF,PTS
1,Arron Afflalo\afflaar01,SG,22,DET,12,0,84,7,18,.389,0,2,.000,7,16,.438,.389,0,0,,0,5,5,6,4,0,1,5,14
2,Malik Allen\allenma01,PF,29,DAL,3,0,18,0,1,.000,0,0,,0,1,.000,.000,0,0,,0,0,0,0,0,0,0,4,0
3,Ray Allen\allenra02,SG,32,BOS,26,26,987,133,311,.428,55,139,.396,78,172,.453,.516,84,92,.913,25,73,98,71,24,8,38,63,405
4,Tony Allen\allento01,SG,26,BOS,15,0,65,9,16,.563,0,1,.000,9,15,.600,.563,2,5,.400,1,2,3,3,2,0,1,5,20
5,Rafer Alston\alstora01,PG,31,HOU,4,4,126,21,48,.438,11,25,.440,10,23,.435,.552,4,5,.800,2,4,6,18,4,0,6,7,57
6,Lou Amundson\amundlo01,PF,25,PHI,2,0,10,2,4,.500,0,0,,2,4,.500,.500,1,2,.500,5,2,7,0,0,0,0,2,5
7,Carmelo Anthony\anthoca01,SF,23,DEN,4,4,146,32,88,.364,2,8,.250,30,80,.375,.375,24,29,.828,19,19,38,8,2,1,12,17,90
8,Gilbert Arenas\arenagi01,PG,26,WAS,4,2,94,14,36,.389,5,12,.417,9,24,.375,.458,10,12,.833,0,7,7,11,2,0,8,13,43
9,Trevor Ariza\arizatr01,SF,22,LAL,8,0,45,7,12,.583,1,4,.250,6,8,.750,.625,2,4,.500,3,8,11,1,1,1,1,7,17
10,Hilton Armstrong\armsthi01,C,23,NOH,8,0,72,8,13,.615,0,0,,8,13,.615,.615,5,10,.500,9,11,20,0,0,6,4,12,21
11,Carlos Arroyo\arroyca01,PG,28,ORL,4,0,30,2,4,.500,0,1,.000,2,3,.667,.500,2,2,1.000,0,2,2,4,0,0,3,4,6
12,Chucky Atkins\atkinch01,SG,33,DEN,1,0,3,0,1,.000,0,1,.000,0,0,,.000,0,0,,0,1,1,0,0,0,0,0,0
13,James Augustine\augusja01,PF,23,ORL,1,0,2,1,1,1.000,0,0,,1,1,1.000,1.000,0,0,,0,1,1,0,0,0,0,0,2
14,Leandro Barbosa\barbole01,SG,25,PHO,5,1,143,19,55,.345,4,18,.222,15,37,.405,.382,10,11,.909,2,18,20,9,3,0,4,10,52
15,J.J. Barea\bareajo01,PG,23,DAL,1,0,5,3,4,.750,2,2,1.000,1,2,.500,1.000,0,0,,0,0,0,1,0,0,0,1,8
16,Andrea Bargnani\bargnan01,PF,22,TOR,5,5,104,13,39,.333,4,16,.250,9,23,.391,.385,2,2,1.000,1,6,7,2,4,3,2,15,32
17,Brent Barry\barrybr01,SF,36,SAS,16,0,227,26,53,.491,19,41,.463,7,12,.583,.670,12,15,.800,2,16,18,17,6,2,9,22,83
18,Brandon Bass\bassbr01,C,22,DAL,5,0,133,17,36,.472,0,1,.000,17,35,.486,.472,24,25,.960,20,14,34,2,3,3,3,12,58
19,Maceo Baston\bastoma01,PF,32,TOR,1,0,1,0,0,,0,0,,0,0,,,0,0,,0,0,0,0,1,0,0,0,0
20,Shane Battier\battish01,SF,29,HOU,6,6,246,20,45,.444,12,25,.480,8,20,.400,.578,8,11,.727,7,16,23,3,6,5,8,19,60
21,Raja Bell\bellra01,SG,31,PHO,5,5,215,21,37,.568,13,20,.650,8,17,.471,.743,13,16,.813,6,22,28,11,2,1,5,19,68
22,Mike Bibby\bibbymi01,PG,29,ATL,7,7,252,22,65,.338,7,24,.292,15,41,.366,.392,21,32,.656,3,19,22,22,4,2,13,12,72
23,Chauncey Billups\billuch01,PG,31,DET,15,15,480,69,172,.401,24,64,.375,45,108,.417,.471,79,95,.832,6,38,44,83,12,1,20,32,241
24,Andray Blatche\blatcan01,PF,21,WAS,6,0,89,9,21,.429,0,1,.000,9,20,.450,.429,4,12,.333,7,13,20,1,2,6,5,15,22
25,Keith Bogans\boganke01,SG,27,ORL,10,0,293,25,68,.368,15,45,.333,10,23,.435,.478,8,11,.727,4,38,42,11,4,0,7,26,73
26,Matt Bonner\bonnema01,PF,27,SAS,2,0,9,2,3,.667,0,0,,2,3,.667,.667,0,0,,0,2,2,2,0,0,0,0,4
27,Carlos Boozer\boozeca01,PF,26,UTA,12,12,441,76,183,.415,0,0,,76,183,.415,.415,40,56,.714,42,105,147,34,6,2,36,47,192
28,Chris Bosh\boshch01,C,23,TOR,5,5,199,42,89,.472,1,7,.143,41,82,.500,.478,35,42,.833,20,25,45,18,8,2,13,19,120
29,Bruce Bowen\bowenbr01,SF,36,SAS,17,17,508,37,93,.398,22,54,.407,15,39,.385,.516,8,11,.727,2,31,33,23,11,6,9,41,104
30,Ryan Bowen\bowenry01,SF,32,NOH,9,0,39,1,6,.167,0,1,.000,1,5,.200,.167,2,2,1.000,3,11,14,2,1,0,1,1,4
31,Ronnie Brewer\brewero02,SG,22,UTA,12,12,305,51,98,.520,1,6,.167,50,92,.543,.526,19,25,.760,17,21,38,19,12,4,4,29,122
32,Aaron Brooks\brookaa01,PG,23,HOU,6,0,50,8,25,.320,0,10,.000,8,15,.533,.320,9,11,.818,0,6,6,3,0,0,3,11,25
33,Devin Brown\brownde02,SG,29,CLE,8,0,92,9,34,.265,5,17,.294,4,17,.235,.338,10,15,.667,8,11,19,9,2,0,9,10,33
34,P.J. Brown\brownpj01,PF,38,BOS,25,0,341,26,56,.464,0,1,.000,26,55,.473,.464,21,25,.840,18,41,59,12,5,10,12,58,73
35,Kobe Bryant\bryanko01,SG,29,LAL,21,21,863,222,463,.479,32,106,.302,190,357,.532,.514,157,194,.809,18,101,119,117,35,8,70,59,633
36,Caron Butler\butleca01,SF,27,WAS,6,6,246,40,87,.460,5,21,.238,35,66,.530,.489,27,31,.871,10,24,34,23,11,1,16,19,112
37,Jose Calderon\caldejo01,PG,26,TOR,5,0,120,22,50,.440,10,21,.476,12,29,.414,.540,5,5,1.000,4,14,18,35,1,0,6,15,59
38,Marcus Camby\cambyma01,C,33,DEN,4,4,124,5,21,.238,1,1,1.000,4,20,.200,.262,2,6,.333,11,42,53,12,4,12,10,10,13
39,Rodney Carney\carnero01,SF,23,PHI,6,0,84,12,31,.387,5,10,.500,7,21,.333,.468,1,2,.500,3,4,7,5,7,2,0,9,30
40,Anthony Carter\cartean01,PG,32,DEN,4,1,61,4,14,.286,0,5,.000,4,9,.444,.286,0,0,,2,8,10,14,1,1,3,6,8
41,Sam Cassell\cassesa01,PG,38,BOS,21,0,264,37,111,.333,6,28,.214,31,83,.373,.360,14,17,.824,2,13,15,25,8,1,12,30,94
42,Tyson Chandler\chandty01,C,25,NOH,12,12,412,43,68,.632,0,0,,43,68,.632,.632,10,16,.625,45,78,123,5,5,20,10,43,96
43,Josh Childress\childjo01,SF,24,ATL,7,0,205,22,42,.524,0,2,.000,22,40,.550,.524,6,12,.500,15,25,40,11,1,5,2,7,50
44,Jarron Collins\collija03,C,29,UTA,5,0,20,0,3,.000,0,0,,0,3,.000,.000,0,0,,3,3,6,1,1,1,0,2,0
45,Samuel Dalembert\dalemsa01,C,26,PHI,6,6,193,19,45,.422,0,0,,19,45,.422,.422,16,19,.842,20,37,57,3,2,10,10,17,54
46,Erick Dampier\dampier01,C,32,DAL,5,5,95,7,17,.412,0,0,,7,17,.412,.412,4,10,.400,12,9,21,0,1,3,3,15,18
47,Antonio Daniels\daniean01,PG,32,WAS,6,4,154,14,31,.452,1,4,.250,13,27,.481,.468,15,17,.882,1,13,14,18,2,2,7,6,44
48,Glen Davis\davisgl01,C,22,BOS,17,0,137,14,34,.412,0,1,.000,14,33,.424,.412,11,18,.611,12,13,25,7,5,4,10,27,39
49,Carlos Delfino\delfica01,SG,25,TOR,5,0,121,15,37,.405,4,15,.267,11,22,.500,.459,9,10,.900,5,19,24,11,4,0,3,14,43
50,Boris Diaw\diawbo01,PF,25,PHO,5,2,178,35,64,.547,0,7,.000,35,57,.614,.547,3,6,.500,7,21,28,23,3,4,11,22,73
51,Yakhouba Diawara\diawaya01,SG,25,DEN,3,0,8,2,5,.400,0,2,.000,2,3,.667,.400,0,0,,0,1,1,0,0,0,0,0,4
52,Juan Dixon\dixonju01,PG,29,DET,2,0,7,0,2,.000,0,0,,0,2,.000,.000,0,0,,0,0,0,0,0,0,0,0,0
53,Keyon Dooling\doolike01,PG,27,ORL,10,0,148,22,56,.393,9,23,.391,13,33,.394,.473,13,15,.867,2,8,10,7,6,1,6,22,66
54,Tim Duncan\duncati01,C,31,SAS,17,17,666,135,301,.449,1,5,.200,134,296,.453,.450,72,115,.626,61,186,247,56,15,35,41,41,343
55,Melvin Ely\elyme01,C,29,NOH,7,0,59,4,15,.267,0,0,,4,15,.267,.267,7,10,.700,5,6,11,1,0,0,4,13,15
56,Maurice Evans\evansma01,SG,29,ORL,10,10,282,35,69,.507,15,36,.417,20,33,.606,.616,5,8,.625,7,18,25,7,8,1,9,12,90
57,Reggie Evans\evansre01,PF,27,PHI,6,0,148,13,26,.500,0,0,,13,26,.500,.500,15,24,.625,16,31,47,3,5,0,13,20,41
58,Jordan Farmar\farmajo01,PG,21,LAL,21,0,360,44,115,.383,17,44,.386,27,71,.380,.457,14,16,.875,7,26,33,27,7,4,17,27,119
59,Michael Finley\finlemi01,SG,34,SAS,17,11,391,43,107,.402,19,52,.365,24,55,.436,.491,9,9,1.000,1,32,33,17,5,3,6,25,114
60,Derek Fisher\fishede01,PG,33,LAL,21,21,663,66,146,.452,22,50,.440,44,96,.458,.527,61,73,.836,2,45,47,52,43,3,20,62,215
61,T.J. Ford\fordtj01,PG,24,TOR,5,5,124,21,58,.362,1,8,.125,20,50,.400,.371,15,16,.938,3,19,22,33,5,0,10,10,58
62,Adonal Foyle\foylead01,C,32,ORL,3,0,11,1,3,.333,0,0,,1,3,.333,.333,0,0,,0,3,3,0,0,0,2,1,2
63,Kevin Garnett\garneke01,PF,31,BOS,26,26,987,217,438,.495,2,8,.250,215,430,.500,.498,94,116,.810,72,202,274,87,35,29,55,74,530
64,Pat Garrity\garripa01,PF,31,ORL,2,0,6,0,2,.000,0,1,.000,0,1,.000,.000,1,2,.500,0,2,2,0,0,0,0,0,1
65,Pau Gasol\gasolpa01,C,27,LAL,21,21,836,141,266,.530,0,0,,141,266,.530,.530,72,104,.692,55,140,195,83,11,40,44,60,354
66,Devean George\georgde01,SF,30,DAL,5,0,62,11,28,.393,4,12,.333,7,16,.438,.464,3,5,.600,4,11,15,0,2,2,3,7,29
67,Daniel Gibson\gibsoda01,PG,21,CLE,11,0,284,35,78,.449,19,42,.452,16,36,.444,.571,10,14,.714,4,15,19,27,7,2,15,18,99
68,Manu Ginobili\ginobma01,SG,30,SAS,17,6,559,98,232,.422,38,102,.373,60,130,.462,.504,69,77,.896,14,50,64,67,10,5,47,47,303
69,Gordan Giricek\giricgo01,SG,30,PHO,5,0,80,6,18,.333,1,4,.250,5,14,.357,.361,4,4,1.000,0,7,7,2,2,0,3,3,17
70,Marcin Gortat\gortama01,C,23,ORL,8,0,48,5,6,.833,0,0,,5,6,.833,.833,0,0,,2,6,8,0,0,4,3,5,10
71,Joey Graham\grahajo01,SF,25,TOR,2,0,2,0,2,.000,0,1,.000,0,1,.000,.000,0,0,,0,0,0,0,0,0,0,0,0
72,Willie Green\greenwi01,SG,26,PHI,6,6,142,22,51,.431,1,5,.200,21,46,.457,.441,9,14,.643,2,6,8,12,5,4,9,19,54
73,Richard Hamilton\hamilri01,SG,29,DET,17,17,656,134,285,.470,8,26,.308,126,259,.486,.484,92,101,.911,19,53,72,67,23,9,48,48,368
74,Matt Harpring\harprma01,SF,31,UTA,12,0,209,25,63,.397,1,3,.333,24,60,.400,.405,28,35,.800,17,17,34,8,7,4,11,35,79
75,Mike Harris\harrimi01,PF,24,HOU,3,0,9,1,2,.500,0,0,,1,2,.500,.500,1,2,.500,1,1,2,0,0,0,0,0,3
76,Jason Hart\hartja01,PG,29,UTA,2,0,6,1,2,.500,0,1,.000,1,1,1.000,.500,0,0,,0,0,0,0,0,0,0,0,2
77,Chuck Hayes\hayesch01,PF,24,HOU,6,0,108,7,11,.636,0,2,.000,7,9,.778,.636,0,0,,7,21,28,5,3,6,4,18,14
78,Jarvis Hayes\hayesja01,SF,26,DET,11,0,61,9,30,.300,5,14,.357,4,16,.250,.383,0,0,,4,12,16,4,1,2,4,11,23
79,Brendan Haywood\haywobr01,C,28,WAS,6,6,178,26,44,.591,0,0,,26,44,.591,.591,20,25,.800,13,27,40,5,4,9,6,25,72
80,Luther Head\headlu01,SG,25,HOU,5,0,44,1,14,.071,0,6,.000,1,8,.125,.071,2,2,1.000,1,1,2,4,2,1,4,3,4
81,Walter Herrmann\herrmwa01,PF,28,DET,4,0,27,1,4,.250,1,1,1.000,0,3,.000,.375,2,4,.500,1,0,1,0,0,0,0,4,5
82,Nene Hilario\hilarne01,PF,25,DEN,3,0,30,5,9,.556,0,0,,5,9,.556,.556,3,3,1.000,3,4,7,1,2,1,2,8,13
83,Grant Hill\hillgr01,SF,35,PHO,3,2,68,5,11,.455,0,0,,5,11,.455,.455,1,1,1.000,3,13,16,3,2,1,0,3,11
84,Al Horford\horfoal01,C,21,ATL,7,7,277,34,72,.472,0,0,,34,72,.472,.472,20,27,.741,22,51,73,25,3,7,15,26,88
85,Robert Horry\horryro01,PF,37,SAS,15,0,154,7,36,.194,5,22,.227,2,14,.143,.264,4,6,.667,11,21,32,8,5,5,2,34,23
86,Eddie House\houseed01,PG,29,BOS,21,0,165,17,56,.304,11,31,.355,6,25,.240,.402,7,8,.875,2,20,22,18,5,1,4,13,52
87,Dwight Howard\howardw01,C,22,ORL,10,10,421,72,124,.581,0,0,,72,124,.581,.581,45,83,.542,60,98,158,9,8,34,32,38,189
88,Josh Howard\howarjo01,SF,27,DAL,5,5,171,21,72,.292,1,10,.100,20,62,.323,.299,20,25,.800,12,23,35,7,2,2,9,10,63
89,Juwan Howard\howarju01,PF,34,DAL,3,0,11,0,2,.000,0,0,,0,2,.000,.000,1,4,.250,0,0,0,1,0,0,0,2,1
90,Kris Humphries\humphkr01,PF,22,TOR,3,0,2,0,0,,0,0,,0,0,,,0,0,,0,0,0,0,0,0,0,0,0
91,Lindsey Hunter\hunteli01,PG,37,DET,11,0,115,8,21,.381,5,11,.455,3,10,.300,.500,0,0,,2,8,10,14,8,0,5,21,21
92,Steven Hunter\huntest01,C,26,DEN,2,0,5,0,1,.000,0,0,,0,1,.000,.000,0,0,,0,2,2,0,0,0,0,0,0
93,Andre Iguodala\iguodan01,SF,24,PHI,6,6,234,23,69,.333,2,14,.143,21,55,.382,.348,31,43,.721,6,23,29,30,13,1,26,11,79
94,Zydrunas Ilgauskas\ilgauzy01,C,32,CLE,13,13,393,67,140,.479,0,0,,67,140,.479,.479,36,44,.818,33,65,98,21,5,14,21,35,170
95,Didier Ilunga-Mbenga\mbengdj01,C,27,LAL,7,0,30,5,8,.625,0,0,,5,8,.625,.625,0,0,,3,6,9,0,2,1,1,9,10
96,Allen Iverson*\iversal01,SG,32,DEN,4,4,158,36,83,.434,3,14,.214,33,69,.478,.452,23,33,.697,4,8,12,18,4,1,7,3,98
97,Bobby Jackson\jacksbo01,PG,34,HOU,6,2,138,20,70,.286,5,24,.208,15,46,.326,.321,7,11,.636,2,8,10,9,5,0,4,11,52
98,LeBron James\jamesle01,SF,23,CLE,13,13,552,113,275,.411,18,70,.257,95,205,.463,.444,122,167,.731,16,86,102,99,23,17,54,33,366
99,Mike James\jamesmi01,PG,32,NOH,4,0,28,4,12,.333,2,5,.400,2,7,.286,.417,2,2,1.000,0,1,1,1,2,0,1,0,12
100,Antawn Jamison\jamisan01,PF,31,WAS,6,6,237,39,96,.406,7,25,.280,32,71,.451,.443,16,28,.571,19,53,72,6,8,8,10,17,101
101,Amir Johnson\johnsam01,PF,20,DET,8,0,43,9,12,.750,0,1,.000,9,11,.818,.750,3,6,.500,3,10,13,1,0,3,2,7,21
102,Joe Johnson\johnsjo02,SG,26,ATL,7,7,275,47,115,.409,16,36,.444,31,79,.392,.478,30,33,.909,9,18,27,28,2,0,16,16,140
103,Damon Jones\jonesda01,SG,31,CLE,5,0,26,2,10,.200,2,7,.286,0,3,.000,.300,0,0,,0,0,0,1,0,0,1,1,6
104,Dwayne Jones\jonesdw02,PF,24,CLE,5,0,20,1,2,.500,0,0,,1,2,.500,.500,1,2,.500,2,4,6,0,0,1,1,4,3
105,Eddie Jones\jonesed02,SG,36,DAL,3,0,22,2,6,.333,1,4,.250,1,2,.500,.417,1,1,1.000,0,3,3,1,1,0,1,3,6
106,Solomon Jones\jonesso01,PF,23,ATL,7,0,29,2,10,.200,0,0,,2,10,.200,.200,0,2,.000,4,4,8,1,1,3,0,3,4
107,Jason Kapono\kaponja01,SF,26,TOR,5,0,152,31,53,.585,13,24,.542,18,29,.621,.708,3,4,.750,2,11,13,4,2,0,2,9,78
108,Coby Karl\karlco01,SG,24,LAL,1,0,2,0,0,,0,0,,0,0,,,0,0,,0,0,0,1,0,0,0,1,0
109,Jason Kidd\kiddja01,PG,34,DAL,5,5,180,16,38,.421,6,13,.462,10,25,.400,.500,5,8,.625,8,24,32,34,7,2,9,12,43
110,Andrei Kirilenko\kirilan01,SF,26,UTA,12,12,387,51,114,.447,5,22,.227,46,92,.500,.469,25,35,.714,15,26,41,30,18,20,18,46,132
111,Linas Kleiza\kleizli01,SF,23,DEN,4,3,122,22,41,.537,3,14,.214,19,27,.704,.573,9,13,.692,8,18,26,3,1,0,5,11,56
112,Kyle Korver\korveky01,SG,26,UTA,12,0,259,30,73,.411,11,38,.289,19,35,.543,.486,23,25,.920,5,21,26,7,4,8,8,28,94
113,Carl Landry\landrca01,PF,24,HOU,6,0,106,11,26,.423,0,0,,11,26,.423,.423,12,16,.750,15,13,28,0,7,3,2,8,34
114,Acie Law\lawac01,PG,23,ATL,7,0,61,6,8,.750,0,0,,6,8,.750,.750,9,10,.900,0,2,2,8,2,0,8,5,21
115,Rashard Lewis\lewisra02,PF,28,ORL,10,10,417,71,163,.436,21,68,.309,50,95,.526,.500,32,39,.821,24,48,72,34,11,5,23,18,195
116,Tyronn Lue\luety01,PG,30,DAL,2,0,2,0,1,.000,0,0,,0,1,.000,.000,0,0,,1,0,1,1,0,0,0,0,0
117,Sean Marks\marksse01,C,32,PHO,1,0,3,0,0,,0,0,,0,0,,,0,0,,0,0,0,0,0,0,0,0,0
118,Kenyon Martin\martike01,PF,30,DEN,4,4,118,15,34,.441,0,0,,15,34,.441,.441,5,8,.625,13,12,25,5,4,2,9,20,35
119,Roger Mason\masonro01,PG,27,WAS,6,0,129,19,47,.404,4,17,.235,15,30,.500,.447,6,8,.750,0,5,5,6,3,1,2,11,48
120,Jason Maxiell\maxieja01,C,24,DET,17,6,371,40,64,.625,0,0,,40,64,.625,.625,15,32,.469,21,47,68,16,15,22,11,48,95
121,Antonio McDyess\mcdyean01,PF,33,DET,17,11,468,64,119,.538,0,0,,64,119,.538,.538,23,28,.821,48,78,126,16,10,8,20,65,151
122,Tracy McGrady\mcgratr01,SG,28,HOU,6,6,247,62,146,.425,5,24,.208,57,122,.467,.442,33,53,.623,7,42,49,41,9,5,18,8,162
123,Dominic McGuire\mcguido01,SG,22,WAS,3,0,15,0,0,,0,0,,0,0,,,1,2,.500,1,2,3,1,1,1,0,1,1
124,Chris Mihm\mihmch01,C,28,LAL,1,0,3,0,1,.000,0,0,,0,1,.000,.000,0,0,,0,0,0,0,0,0,1,2,0
125,C.J. Miles\milescj01,SG,20,UTA,7,0,26,5,14,.357,2,8,.250,3,6,.500,.429,0,0,,1,4,5,0,2,0,2,4,12
126,Andre Miller\millean02,PG,31,PHI,6,6,229,39,89,.438,0,3,.000,39,86,.453,.438,14,22,.636,7,12,19,20,5,0,14,12,92
127,Paul Millsap\millspa01,PF,22,UTA,12,0,210,32,62,.516,0,1,.000,32,61,.525,.516,13,25,.520,23,24,47,4,7,16,9,37,77
128,Jamario Moon\moonja01,SF,27,TOR,5,3,104,11,29,.379,4,11,.364,7,18,.389,.448,1,1,1.000,7,17,24,4,6,3,2,6,27
129,Dikembe Mutombo*\mutomdi01,C,41,HOU,6,6,123,8,13,.615,0,0,,8,13,.615,.615,7,11,.636,10,29,39,2,1,11,1,10,23
130,Eduardo Najera\najered01,PF,31,DEN,4,0,78,7,14,.500,2,5,.400,5,9,.556,.571,0,0,,5,8,13,6,3,1,5,15,16
131,Steve Nash\nashst01,PG,33,PHO,5,5,183,32,70,.457,6,20,.300,26,50,.520,.500,11,12,.917,1,13,14,39,2,1,12,10,81
132,Jameer Nelson\nelsoja01,PG,25,ORL,10,10,333,57,113,.504,20,41,.488,37,72,.514,.593,28,37,.757,4,37,41,47,3,2,21,43,162
133,Rasho Nesterovic\nestera01,C,31,TOR,5,2,77,11,22,.500,0,0,,11,22,.500,.500,1,2,.500,3,10,13,3,1,2,5,14,23
134,Ira Newble\newblir01,SF,33,LAL,1,0,1,0,0,,0,0,,0,0,,,0,0,,0,0,0,0,0,0,0,0,0
135,Steve Novak\novakst01,SF,24,HOU,3,0,21,3,4,.750,2,3,.667,1,1,1.000,1.000,0,0,,1,1,2,0,0,1,0,2,8
136,Dirk Nowitzki\nowitdi01,PF,29,DAL,5,5,211,43,91,.473,6,18,.333,37,73,.507,.505,42,52,.808,10,50,60,20,1,7,10,13,134
137,Shaquille O'Neal*\onealsh01,C,35,PHO,5,5,150,22,50,.440,0,0,,22,50,.440,.440,32,64,.500,13,33,46,5,5,13,9,21,76
138,Fabricio Oberto\obertfa01,PF,32,SAS,17,9,331,28,46,.609,0,0,,28,46,.609,.609,7,10,.700,15,56,71,20,6,5,14,48,63
139,Lamar Odom\odomla01,PF,28,LAL,21,21,786,107,218,.491,3,11,.273,104,207,.502,.498,84,127,.661,47,162,209,62,14,27,47,72,301
140,Mehmet Okur\okurme01,C,28,UTA,12,12,462,66,156,.423,19,51,.373,47,105,.448,.484,34,44,.773,34,107,141,23,8,8,19,37,185
141,Kevin Ollie\ollieke01,SG,35,PHI,3,0,19,1,4,.250,0,0,,1,4,.250,.250,2,2,1.000,0,1,1,3,2,0,0,1,4
142,Zaza Pachulia\pachuza01,C,23,ATL,7,0,105,7,25,.280,0,1,.000,7,24,.292,.280,15,21,.714,9,11,20,2,2,0,9,22,29
143,Jannero Pargo\pargoja01,SG,28,NOH,12,0,265,45,116,.388,15,43,.349,30,73,.411,.453,17,24,.708,5,25,30,27,12,2,11,22,122
144,Anthony Parker\parkean01,SG,32,TOR,5,5,196,20,49,.408,5,17,.294,15,32,.469,.459,12,14,.857,4,26,30,10,4,2,4,12,57
145,Tony Parker\parketo01,PG,25,SAS,17,17,654,152,306,.497,7,20,.350,145,286,.507,.508,70,93,.753,10,53,63,103,16,1,50,37,381
146,Chris Paul\paulch01,PG,22,NOH,12,12,486,111,221,.502,5,21,.238,106,200,.530,.514,62,79,.785,16,43,59,135,28,2,22,43,289
147,Sasha Pavlovic\pavloal01,SG,24,CLE,8,0,111,10,26,.385,4,9,.444,6,17,.353,.462,4,6,.667,6,4,10,1,2,0,2,17,28
148,Oleksiy Pecherov\pecheol01,C,22,WAS,3,0,8,0,1,.000,0,0,,0,1,.000,.000,2,2,1.000,0,1,1,0,1,1,0,0,2
149,Kendrick Perkins\perkike01,C,23,BOS,25,25,631,62,106,.585,0,1,.000,62,105,.590,.585,40,59,.678,52,101,153,13,15,32,31,91,164
150,Morris Peterson\petermo01,SG,30,NOH,12,12,277,33,68,.485,16,34,.471,17,34,.500,.603,4,6,.667,3,28,31,7,6,3,5,29,86
151,Eric Piatkowski\piatker01,SF,37,PHO,1,0,2,0,0,,0,0,,0,0,,,0,0,,0,0,0,0,0,0,0,1,0
152,Paul Pierce\piercpa01,SF,30,BOS,26,26,990,163,370,.441,43,119,.361,120,251,.478,.499,142,177,.802,21,108,129,119,28,8,82,90,511
153,James Posey\poseyja01,PF,31,BOS,26,0,573,52,119,.437,35,88,.398,17,31,.548,.584,35,40,.875,12,81,93,28,26,8,14,61,174
154,Leon Powe\powele01,C,24,BOS,23,1,270,36,73,.493,0,0,,36,73,.493,.493,44,66,.667,32,30,62,4,0,3,12,45,116
155,Ronnie Price\pricero01,PG,24,UTA,12,0,68,10,31,.323,3,14,.214,7,17,.412,.371,10,13,.769,1,3,4,11,6,2,6,6,33
156,Tayshaun Prince\princta01,SF,27,DET,17,17,671,100,208,.481,8,25,.320,92,183,.503,.500,27,34,.794,32,62,94,55,14,8,32,30,235
157,Vladimir Radmanovic\radmavl01,SF,27,LAL,21,21,481,67,151,.444,29,78,.372,38,73,.521,.540,5,6,.833,23,57,80,31,13,1,21,56,168
158,Shavlik Randolph\randosh01,PF,24,PHI,2,0,4,0,1,.000,0,0,,0,1,.000,.000,3,4,.750,0,0,0,0,0,0,0,1,3
159,Theo Ratliff\ratlith01,C,34,DET,12,0,131,6,12,.500,0,0,,6,12,.500,.500,4,8,.500,14,13,27,1,1,11,4,23,16
160,J.J. Redick\redicjj01,SG,23,ORL,2,0,10,0,4,.000,0,3,.000,0,1,.000,.000,0,0,,0,1,1,0,0,0,0,1,0
161,Jeremy Richardson\richaje01,SF,23,ATL,3,0,6,1,4,.250,0,0,,1,4,.250,.250,0,0,,0,0,0,0,0,0,0,1,2
162,Rajon Rondo\rondora01,PG,21,BOS,26,26,831,107,263,.407,5,20,.250,102,243,.420,.416,47,68,.691,39,68,107,172,45,8,47,74,266
163,Luis Scola\scolalu01,PF,27,HOU,6,6,220,30,67,.448,0,1,.000,30,66,.455,.448,24,35,.686,24,32,56,8,4,1,12,30,84
164,Brian Skinner\skinnbr01,C,31,PHO,4,0,21,2,4,.500,0,0,,2,4,.500,.500,4,8,.500,0,3,3,0,0,3,0,4,8
165,J.R. Smith\smithjr01,SG,22,DEN,4,0,108,23,43,.535,7,22,.318,16,21,.762,.616,20,24,.833,1,6,7,7,4,0,5,12,73
166,Jason Smith\smithja02,PF,21,PHI,6,0,82,8,18,.444,0,1,.000,8,17,.471,.444,4,4,1.000,4,11,15,3,1,5,2,5,20
167,Joe Smith\smithjo02,PF,32,CLE,13,0,263,36,74,.486,0,1,.000,36,73,.493,.486,14,22,.636,20,40,60,6,5,7,6,41,86
168,Josh Smith\smithjo03,PF,22,ATL,7,7,237,35,88,.398,3,18,.167,32,70,.457,.415,37,44,.841,7,38,45,20,12,20,26,26,110
169,Darius Songaila\songada01,C,29,WAS,5,0,77,8,19,.421,0,0,,8,19,.421,.421,13,15,.867,4,9,13,4,1,0,6,18,29
170,Jerry Stackhouse\stackje01,SG,33,DAL,5,2,102,12,38,.316,2,12,.167,10,26,.385,.342,5,5,1.000,4,12,16,6,1,0,7,9,31
171,DeShawn Stevenson\stevede01,SG,26,WAS,6,6,196,22,60,.367,14,36,.389,8,24,.333,.483,16,18,.889,2,11,13,18,6,0,9,11,74
172,Peja Stojakovic\stojape01,SF,30,NOH,12,12,455,58,133,.436,28,51,.549,30,82,.366,.541,25,27,.926,6,59,65,6,6,1,8,19,169
173,Damon Stoudamire\stoudda01,PG,34,SAS,7,0,35,5,15,.333,1,4,.250,4,11,.364,.367,2,3,.667,2,5,7,2,1,0,1,0,13
174,Salim Stoudamire\stoudsa01,PG,25,ATL,3,0,28,4,9,.444,2,6,.333,2,3,.667,.556,2,2,1.000,0,1,1,0,1,0,3,2,12
175,Amar'e Stoudemire\stoudam01,C,25,PHO,5,5,204,48,99,.485,1,4,.250,47,95,.495,.490,19,30,.633,15,30,45,2,7,12,14,19,116
176,D.J. Strawberry\strawdj01,SG,22,PHO,1,0,5,0,4,.000,0,1,.000,0,3,.000,.000,0,0,,0,1,1,0,0,0,0,1,0
177,Rodney Stuckey\stuckro01,PG,21,DET,17,2,380,43,116,.371,2,7,.286,41,109,.376,.379,51,58,.879,11,21,32,58,18,2,23,35,139
178,Wally Szczerbiak\szczewa02,SF,30,CLE,13,13,374,47,125,.376,20,62,.323,27,63,.429,.456,26,28,.929,4,19,23,19,2,1,10,32,140
179,Jason Terry\terryja01,SG,30,DAL,5,3,180,26,60,.433,14,32,.438,12,28,.429,.550,13,15,.867,1,7,8,24,2,1,5,15,79
180,Billy Thomas\thomabi01,SF,32,CLE,3,0,8,1,2,.500,1,2,.500,0,0,,.750,0,0,,0,1,1,1,1,0,0,0,3
181,Kurt Thomas\thomaku01,PF,35,SAS,17,8,268,32,70,.457,0,0,,32,70,.457,.457,5,7,.714,26,58,84,6,2,6,13,46,69
182,Ronny Turiaf\turiaro01,C,25,LAL,19,0,187,14,36,.389,0,0,,14,36,.389,.389,10,17,.588,6,21,27,5,2,18,9,41,38
183,Hedo Turkoglu\turkohe01,SF,28,ORL,10,10,399,63,141,.447,10,35,.286,53,106,.500,.482,39,46,.848,14,50,64,55,8,2,38,35,175
184,Ime Udoka\udokaim01,PF,30,SAS,16,0,236,33,71,.465,16,40,.400,17,31,.548,.577,5,7,.714,7,40,47,17,11,2,11,25,87
185,Anderson Varejao\varejan01,C,25,CLE,13,0,240,22,54,.407,0,0,,22,54,.407,.407,9,21,.429,20,47,67,9,8,1,9,30,53
186,Jacque Vaughn\vaughja01,PG,32,SAS,14,0,91,6,22,.273,0,1,.000,6,21,.286,.273,0,0,,2,7,9,8,2,0,7,17,12
187,Sasha Vujacic\vujacsa01,SG,23,LAL,21,0,456,55,138,.399,31,79,.392,24,59,.407,.511,30,35,.857,8,38,46,16,12,4,18,44,171
188,Ben Wallace\wallabe01,PF,33,CLE,13,13,304,17,33,.515,0,0,,17,33,.515,.515,7,20,.350,32,52,84,15,8,14,7,26,41
189,Rasheed Wallace\wallara01,C,33,DET,17,17,585,86,203,.424,24,75,.320,62,128,.484,.483,29,39,.744,19,89,108,28,19,33,29,67,225
190,Luke Walton\waltolu01,SF,27,LAL,21,0,353,44,97,.454,11,26,.423,33,71,.465,.510,26,36,.722,13,42,55,41,11,4,20,49,125
191,Bonzi Wells\wellsbo01,SG,31,NOH,12,0,170,22,57,.386,0,2,.000,22,55,.400,.386,0,6,.000,4,27,31,8,4,3,6,26,44
192,David West\westda01,PF,27,NOH,12,12,485,102,219,.466,1,2,.500,101,217,.465,.468,49,55,.891,21,81,102,34,13,23,21,32,254
193,Delonte West\westde01,PG,24,CLE,13,13,453,44,110,.400,18,42,.429,26,68,.382,.482,35,41,.854,8,35,43,54,15,6,32,40,141
194,Mario West\westma02,SG,23,ATL,6,0,6,1,3,.333,0,0,,1,3,.333,.333,0,1,.000,1,1,2,0,0,0,0,0,2
195,Deron Williams\willide01,PG,23,UTA,12,12,513,90,183,.492,28,56,.500,62,127,.488,.568,51,66,.773,16,27,43,120,7,4,37,35,259
196,Lou Williams\willilo02,PG,21,PHI,6,0,135,24,60,.400,2,9,.222,22,51,.431,.417,22,30,.733,3,9,12,12,6,0,7,11,72
197,Marvin Williams\willima02,SF,21,ATL,7,7,199,24,58,.414,0,0,,24,58,.414,.414,32,36,.889,11,17,28,5,2,3,13,21,80
198,Loren Woods\woodslo01,C,29,HOU,1,0,1,1,1,1.000,0,0,,1,1,1.000,1.000,0,0,,1,0,1,0,0,0,0,0,2
199,Antoine Wright\wrighan01,SG,23,DAL,1,0,7,0,0,,0,0,,0,0,,,0,0,,0,1,1,0,0,0,2,0,0
200,Julian Wright\wrighju01,SF,20,NOH,11,0,131,20,44,.455,2,9,.222,18,35,.514,.477,5,6,.833,6,12,18,5,10,1,5,8,47
201,Nick Young\youngni01,SG,22,WAS,4,0,17,1,9,.111,0,2,.000,1,7,.143,.111,3,4,.750,1,1,2,1,2,0,1,1,5
202,Thaddeus Young\youngth01,PF,19,PHI,6,6,160,24,50,.480,1,5,.200,23,45,.511,.490,12,14,.857,15,12,27,4,7,0,4,7,61